[[ 1, 3, 5, 9, 10 ], [ 1, 4, 9, 10 ]]   4,3-
[[ 1, 3, 5, 9],[ 1, 4, 9]]              3,2-

[[ 1, 3, 5],[ 1, 4]]                    2,1-
    [[ 1, 3, 5],[1]]                    2,0-----------
        [[ 1, 3, 5],[]]                 2,-1
             -<>
        [[ 1, 3],[1]]                   1,0
            [[1,3],[]]                  1,-1
                -<>
            [[1],[1]]                   0,0
                -<>                     -1 -1
        
             
    [[ 1, 3],[ 1,4]]                    1,1-----------------
        [ 1, 3],[ 1]                    1,0-----
            [ 1, 3],[]                  1,-1
                 -<>
            [1],[1]                     0,0
                 -<>
        [ 1,],[ 1,4]                    0,1----------
             [1],[1]                    0,0
                [] []                   -1 -1
             []  [1,4]                  -1,1
